74.53846153846153
55.875
53.77777777777778
50.84615384615385
45.611111111111114
45.27777777777778
44.44444444444444
43.523809523809526
40.9
38.18181818181818
36.94117647058823
35.42857142857143
31.26923076923077
30.470588235294116
29.916666666666668
29.833333333333332
28.90909090909091
28.64516129032258
28.5
25.53846153846154
23.47222222222222
23.4
22.529411764705884
22.476190476190474
22.17142857142857
22.16
21.962962962962962
20.82608695652174
20.695652173913043
20.18421052631579
19.27906976744186
17.98
17.846153846153847
17.767441860465116
17.5
17.48148148148148
17.083333333333332
15.380952380952381
15.108695652173912
14.85
14.6
14.310344827586206
13.88888888888889
13.777777777777779
13.744186046511627
13.631578947368421
13.4
13.211538461538462
13.142857142857142
12.936170212765957
12.711538461538462
12.631578947368421
11.666666666666666
11.119047619047619
10.761904761904763
10.722222222222221
10.521739130434783
10.51063829787234
10.28125
9.96551724137931
9.928571428571429
9.560975609756097
9.3
9.285714285714286
9.136363636363637
8.708333333333334
8.425925925925926
8.392857142857142
8.153846153846153
7.911111111111111
7.655172413793103
7.489795918367347
7.391304347826087
7.205128205128205
7.05
6.76
6.5
6.488372093023256
6.361702127659575
6.170731707317073
5.571428571428571
5.515151515151516
5.175438596491228
5.147058823529412
5.127272727272727
4.317073170731708
3.595744680851064
2.6470588235294117
2.4615384615384617
2.3333333333333335
2.142857142857143
2.111111111111111
1.981818181818182
1.8979591836734695
1.8775510204081634
1.3392857142857142
1.2372881355932204
0.5254237288135594
0.3181818181818182
-0.5510204081632653
