94.9
93.2
88.8
86.81818181818181
86.81818181818181
82.27272727272727
79.33333333333333
78.63636363636364
77.18181818181819
76.91666666666667
76.5
75.6
74.8
74.72727272727273
72.61538461538461
71.5
70.36363636363636
70.0
69.63636363636364
69.3
68.15384615384616
66.91666666666667
65.18181818181819
64.9090909090909
64.06666666666666
63.09090909090909
62.166666666666664
61.75
61.27272727272727
61.0
60.857142857142854
60.69230769230769
59.42857142857143
58.4
58.0
57.38461538461539
56.3125
55.5
55.5
55.46153846153846
55.375
55.35294117647059
54.833333333333336
54.785714285714285
54.333333333333336
54.214285714285715
54.1764705882353
53.705882352941174
52.38461538461539
52.36363636363637
51.8235294117647
51.3
49.0
48.0
47.6
47.125
47.05882352941177
46.9
46.714285714285715
46.125
46.0
45.523809523809526
45.46153846153846
45.38095238095238
44.666666666666664
44.40909090909091
44.214285714285715
43.904761904761905
43.21052631578947
43.0
42.68421052631579
42.666666666666664
42.588235294117645
42.5
42.27272727272727
42.18181818181818
40.94117647058823
40.857142857142854
40.5
40.1875
40.166666666666664
40.05263157894737
39.90909090909091
39.75
39.63636363636363
39.63157894736842
39.166666666666664
38.8
38.391304347826086
38.27272727272727
37.92857142857143
37.27272727272727
37.24
36.833333333333336
36.75
36.73076923076923
36.55
36.5
36.391304347826086
36.333333333333336
35.89473684210526
35.86666666666667
35.73913043478261
35.72727272727273
35.629629629629626
35.53846153846154
35.19230769230769
35.19047619047619
35.0
34.92857142857143
34.857142857142854
34.8235294117647
34.791666666666664
34.5
34.4
34.21052631578947
33.8235294117647
33.714285714285715
33.51851851851852
33.45454545454545
32.95454545454545
32.8235294117647
32.56521739130435
32.2
32.03333333333333
31.96153846153846
31.956521739130434
31.571428571428573
31.333333333333332
31.193548387096776
31.178571428571427
31.0
30.866666666666667
30.75
30.59259259259259
30.551724137931036
30.4
30.3
30.27777777777778
30.210526315789473
30.17241379310345
30.083333333333332
30.0
30.0
29.59090909090909
29.46153846153846
29.375
29.333333333333332
29.28125
28.933333333333334
28.928571428571427
28.88
28.869565217391305
28.807692307692307
28.78787878787879
28.785714285714285
28.692307692307693
28.466666666666665
28.40740740740741
28.384615384615383
27.8
27.61764705882353
27.61111111111111
27.6
27.59259259259259
27.580645161290324
27.5
27.5
27.42105263157895
27.304347826086957
27.21875
27.193548387096776
27.133333333333333
27.12
27.0
27.0
27.0
26.96153846153846
26.8
26.77777777777778
26.76923076923077
26.655172413793103
26.615384615384617
26.285714285714285
26.227272727272727
25.848484848484848
25.652173913043477
25.6
25.27027027027027
25.208333333333332
25.0
25.0
24.85185185185185
24.785714285714285
24.652173913043477
24.6
24.580645161290324
24.5
24.393939393939394
24.26923076923077
24.21875
24.16216216216216
24.0
23.866666666666667
23.772727272727273
23.757575757575758
23.757575757575758
23.59090909090909
23.4
23.36842105263158
23.289473684210527
23.15625
23.076923076923077
22.892857142857142
22.80952380952381
22.72222222222222
22.444444444444443
22.433333333333334
22.428571428571427
22.405405405405407
22.333333333333332
22.3
22.275862068965516
22.2
22.185185185185187
22.043478260869566
22.03125
22.0
21.944444444444443
21.75
21.733333333333334
21.724137931034484
21.517241379310345
21.487179487179485
21.464285714285715
21.4390243902439
21.366666666666667
21.333333333333332
21.307692307692307
21.289473684210527
21.28
21.272727272727273
21.266666666666666
21.233333333333334
21.142857142857142
20.906976744186046
20.904761904761905
20.833333333333332
20.82857142857143
20.727272727272727
20.676470588235293
20.58974358974359
20.477272727272727
20.441860465116278
20.441176470588236
20.4375
20.41025641025641
20.357142857142858
20.216216216216218
20.181818181818183
20.170731707317074
20.166666666666668
20.074074074074073
19.925925925925927
19.80851063829787
19.714285714285715
19.652173913043477
19.61111111111111
19.555555555555557
19.533333333333335
19.477272727272727
19.428571428571427
19.333333333333332
19.324324324324323
19.095238095238095
19.093023255813954
18.97826086956522
18.939393939393938
18.761904761904763
18.717391304347824
18.710526315789473
18.676470588235293
18.61764705882353
18.551724137931036
18.54
18.53125
18.50980392156863
18.44
18.393939393939394
18.346153846153847
18.34285714285714
18.304347826086957
18.270833333333332
18.233333333333334
18.22222222222222
18.204545454545453
18.047619047619047
18.045454545454547
18.020833333333332
18.0
17.967741935483872
17.96153846153846
17.904761904761905
17.82608695652174
17.807692307692307
17.8
17.733333333333334
17.72340425531915
17.71698113207547
17.647058823529413
17.61904761904762
17.5
17.485714285714284
17.45945945945946
17.358490566037737
17.322580645161292
17.27777777777778
17.22641509433962
17.16
17.147058823529413
17.135135135135137
17.040816326530614
17.0
17.0
16.962264150943398
16.90909090909091
16.833333333333332
16.80952380952381
16.785714285714285
16.75925925925926
16.697674418604652
16.681818181818183
16.56
16.482142857142858
16.425531914893618
16.403508771929825
16.318181818181817
16.29268292682927
16.29032258064516
16.274509803921568
16.272727272727273
16.25
16.22222222222222
16.18867924528302
16.166666666666668
16.162790697674417
16.153846153846153
16.12727272727273
16.1
15.975
15.909090909090908
15.853658536585366
15.823529411764707
15.818181818181818
15.76271186440678
15.706896551724139
15.625
15.571428571428571
15.53191489361702
15.486486486486486
15.482142857142858
15.466666666666667
15.462962962962964
15.434782608695652
15.425
15.291666666666666
15.285714285714286
15.271186440677965
15.25
15.24390243902439
15.156862745098039
15.10909090909091
15.016949152542374
15.01639344262295
14.8
14.770491803278688
14.682926829268293
14.647058823529411
14.590909090909092
14.511111111111111
14.5
14.475
14.458333333333334
14.419354838709678
14.235294117647058
14.229508196721312
14.181818181818182
14.169230769230769
14.128205128205128
14.0
13.984375
13.950819672131148
13.936170212765957
13.88888888888889
13.885245901639344
13.85483870967742
13.819672131147541
13.819672131147541
13.761904761904763
13.754716981132075
13.753846153846155
13.716666666666667
13.696428571428571
13.661764705882353
13.65
13.636363636363637
13.615384615384615
13.492063492063492
13.473684210526315
13.473684210526315
13.416666666666666
13.392857142857142
13.365853658536585
13.326530612244898
13.317460317460318
13.31578947368421
13.287878787878787
13.25
13.232142857142858
13.176470588235293
13.151515151515152
13.145833333333334
13.142857142857142
13.129032258064516
13.11320754716981
13.075757575757576
13.0
13.0
12.944444444444445
12.915492957746478
12.901960784313726
12.803030303030303
12.764705882352942
12.727272727272727
12.714285714285714
12.714285714285714
12.705882352941176
12.686274509803921
12.67605633802817
12.647058823529411
12.609375
12.602941176470589
12.596491228070175
12.56338028169014
12.508771929824562
12.5
12.5
12.459016393442623
12.4
12.4
12.371428571428572
12.347826086956522
12.346153846153847
12.315068493150685
12.25
12.209677419354838
12.176470588235293
12.125
12.089285714285714
12.088235294117647
12.081632653061224
12.08108108108108
12.079365079365079
12.076923076923077
12.076923076923077
12.067567567567568
11.935483870967742
11.916666666666666
11.909090909090908
11.875
11.865671641791044
11.837837837837839
11.821917808219178
11.81132075471698
11.75
11.738461538461538
11.675675675675675
11.666666666666666
11.647887323943662
11.642857142857142
11.625
11.622222222222222
11.594594594594595
11.53191489361702
11.478260869565217
11.470588235294118
11.426470588235293
11.373134328358208
11.277777777777779
11.266666666666667
11.227272727272727
11.208333333333334
11.205882352941176
11.171875
11.166666666666666
11.161764705882353
11.130434782608695
11.083333333333334
11.08108108108108
11.051282051282051
11.04
11.04
11.0
10.979591836734693
10.971014492753623
10.971014492753623
10.970588235294118
10.946666666666667
10.91891891891892
10.915492957746478
10.911764705882353
10.904109589041095
10.890625
10.826086956521738
10.81159420289855
10.787878787878787
10.783333333333333
10.75
10.731707317073171
10.727272727272727
10.725
10.68918918918919
10.65079365079365
10.647887323943662
10.634146341463415
10.625
10.615384615384615
10.594594594594595
10.59322033898305
10.509803921568627
10.46938775510204
10.416666666666666
10.391304347826088
10.366666666666667
10.333333333333334
10.309859154929578
10.293103448275861
10.28
10.26388888888889
10.25
10.25
10.23076923076923
10.23076923076923
10.2
10.181818181818182
10.162162162162161
10.162162162162161
10.125
10.117647058823529
10.117647058823529
10.076923076923077
10.020408163265307
9.982142857142858
9.972222222222221
9.970149253731343
9.92156862745098
9.911111111111111
9.88888888888889
9.885714285714286
9.885245901639344
9.876923076923077
9.833333333333334
9.770833333333334
9.712121212121213
9.708333333333334
9.708333333333334
9.671875
9.666666666666666
9.654545454545454
9.59322033898305
9.577777777777778
9.545454545454545
9.515151515151516
9.492957746478874
9.483870967741936
9.476190476190476
9.435483870967742
9.41891891891892
9.393939393939394
9.386666666666667
9.380952380952381
9.238095238095237
9.23611111111111
9.205882352941176
9.157894736842104
9.150943396226415
9.15
9.102564102564102
9.056603773584905
9.041666666666666
8.904761904761905
8.88135593220339
8.877551020408163
8.854545454545455
8.81081081081081
8.784313725490197
8.756756756756756
8.732142857142858
8.709090909090909
8.681159420289855
8.666666666666666
8.655172413793103
8.652173913043478
8.648148148148149
8.647058823529411
8.6
8.582089552238806
8.575
8.56140350877193
8.523809523809524
8.391304347826088
8.36986301369863
8.338709677419354
8.320754716981131
8.318181818181818
8.283333333333333
8.268292682926829
8.214285714285714
8.098039215686274
8.089285714285714
8.08
8.075757575757576
8.061224489795919
8.057142857142857
8.055555555555555
8.046875
8.029411764705882
8.02127659574468
8.015151515151516
7.984375
7.95
7.943661971830986
7.923076923076923
7.9
7.8108108108108105
7.791666666666667
7.779411764705882
7.737704918032787
7.724137931034483
7.677966101694915
7.676056338028169
7.649122807017544
7.64
7.632352941176471
7.631578947368421
7.625
7.590163934426229
7.478260869565218
7.466666666666667
7.419354838709677
7.369230769230769
7.36
7.343283582089552
7.2631578947368425
7.25
7.24
7.219178082191781
7.2
7.1875
7.125
7.0256410256410255
7.0
6.9787234042553195
6.976744186046512
6.951219512195122
6.911764705882353
6.894736842105263
6.887096774193548
6.870967741935484
6.8125
6.773584905660377
6.666666666666667
6.625
6.621212121212121
6.612903225806452
6.574468085106383
6.546875
6.545454545454546
6.5
6.476190476190476
6.44
6.439024390243903
6.416666666666667
6.409090909090909
6.377049180327869
6.360655737704918
6.352941176470588
6.346666666666667
6.3
6.274193548387097
6.25
6.244897959183674
6.241379310344827
6.176470588235294
6.163934426229508
6.161290322580645
6.155555555555556
6.142857142857143
6.138888888888889
6.129032258064516
6.125
6.0508474576271185
6.03921568627451
6.013698630136986
6.013513513513513
6.0
6.0
5.972222222222222
5.95
5.945945945945946
5.932203389830509
5.923076923076923
5.88
5.84375
5.813953488372093
5.8
5.766666666666667
5.746268656716418
5.722222222222222
5.685714285714286
5.680851063829787
5.666666666666667
5.642857142857143
5.585365853658536
5.576923076923077
5.555555555555555
5.547169811320755
5.5423728813559325
5.535714285714286
5.510204081632653
5.409090909090909
5.4
5.387755102040816
5.371428571428571
5.340425531914893
5.324324324324325
5.316666666666666
5.316666666666666
5.3125
5.301369863013699
5.285714285714286
5.25
5.209677419354839
5.2
5.170731707317073
5.131147540983607
5.104477611940299
5.090909090909091
5.045454545454546
5.0
4.973333333333334
4.953488372093023
4.933333333333334
4.933333333333334
4.904761904761905
4.9
4.9
4.896551724137931
4.838709677419355
4.814814814814815
4.802816901408451
4.785714285714286
4.782608695652174
4.773584905660377
4.763636363636364
4.703703703703703
4.676923076923077
4.647058823529412
4.627906976744186
4.586956521739131
4.563380281690141
4.552238805970149
4.54054054054054
4.5
4.469387755102041
4.46875
4.456521739130435
4.450980392156863
4.450704225352113
4.435483870967742
4.433333333333334
4.421875
4.3768115942028984
4.321428571428571
4.317073170731708
4.2894736842105265
4.271186440677966
4.222222222222222
4.1571428571428575
4.1395348837209305
4.138888888888889
4.134615384615385
4.130434782608695
4.038461538461538
4.014084507042254
4.0
4.0
3.9855072463768115
3.979591836734694
3.96
3.945945945945946
3.9444444444444446
3.9375
3.9324324324324325
3.9242424242424243
3.923076923076923
3.892857142857143
3.8222222222222224
3.810344827586207
3.8095238095238093
3.8088235294117645
3.8
3.792452830188679
3.7761194029850746
3.763157894736842
3.75
3.75
3.7419354838709675
3.736842105263158
3.710144927536232
3.7083333333333335
3.7027027027027026
3.7
3.6875
3.676056338028169
3.6557377049180326
3.641509433962264
3.6341463414634148
3.626865671641791
3.6037735849056602
3.59375
3.5869565217391304
3.575
3.5714285714285716
3.5510204081632653
3.5
3.493150684931507
3.488372093023256
3.4393939393939394
3.395348837209302
3.3636363636363638
3.35
3.3404255319148937
3.3333333333333335
3.3142857142857145
3.2916666666666665
3.259259259259259
3.2549019607843137
3.2444444444444445
3.2
3.183333333333333
3.176470588235294
3.169230769230769
3.161290322580645
3.1578947368421053
3.1578947368421053
3.140845070422535
3.1384615384615384
3.12
3.1153846153846154
3.1016949152542375
3.0980392156862746
3.026666666666667
3.0
2.933333333333333
2.8285714285714287
2.7777777777777777
2.7735849056603774
2.764705882352941
2.7567567567567566
2.730769230769231
2.730769230769231
2.6842105263157894
2.643835616438356
2.625
2.5625
2.5441176470588234
2.543859649122807
2.511627906976744
2.5
2.4761904761904763
2.4615384615384617
2.4393939393939394
2.4313725490196076
2.425925925925926
2.409090909090909
2.3333333333333335
2.3333333333333335
2.3043478260869565
2.2982456140350878
2.2739726027397262
2.272727272727273
2.24
2.210526315789474
2.206896551724138
2.19672131147541
2.135135135135135
2.0952380952380953
2.090909090909091
2.087719298245614
2.0833333333333335
2.076923076923077
2.061224489795918
2.0579710144927534
2.0434782608695654
2.0
1.9710144927536233
1.9523809523809523
1.9423076923076923
1.8888888888888888
1.8823529411764706
1.85
1.8235294117647058
1.8153846153846154
1.7884615384615385
1.7746478873239437
1.6986301369863013
1.6923076923076923
1.6842105263157894
1.671641791044776
1.6323529411764706
1.6216216216216217
1.5490196078431373
1.5454545454545454
1.5454545454545454
1.5285714285714285
1.5
1.5
1.4285714285714286
1.40625
1.3863636363636365
1.364864864864865
1.3157894736842106
1.309090909090909
1.2727272727272727
1.1842105263157894
1.170731707317073
1.0350877192982457
0.9836065573770492
0.9818181818181818
0.9696969696969697
0.9615384615384616
0.96
0.96
0.9591836734693877
0.9444444444444444
0.9148936170212766
0.9
0.8627450980392157
0.7272727272727273
0.7169811320754716
0.6363636363636364
0.589041095890411
0.5882352941176471
0.5769230769230769
0.5205479452054794
0.4666666666666667
0.46153846153846156
0.44776119402985076
0.3870967741935484
0.3870967741935484
0.33783783783783783
0.3333333333333333
0.30985915492957744
0.25
0.2222222222222222
0.15555555555555556
0.109375
0.10344827586206896
0.09375
0.08823529411764706
0.07407407407407407
0.03333333333333333
0.013888888888888888
0.0
-0.1
-0.10144927536231885
-0.13636363636363635
-0.13793103448275862
-0.14516129032258066
-0.14705882352941177
-0.20270270270270271
-0.22727272727272727
-0.2807017543859649
-0.3225806451612903
-0.323943661971831
-0.35555555555555557
-0.36666666666666664
-0.3698630136986301
-0.410958904109589
-0.45614035087719296
-0.525
-0.547945205479452
-0.5555555555555556
-0.5818181818181818
-0.5833333333333334
-0.6415094339622641
-0.6538461538461539
-0.7142857142857143
-0.7321428571428571
